1.2308
1.2319
1.2297
1.229
1.2279
1.2286
1.2282
1.2278
1.2287
1.2316
1.2329
1.2334
1.2347
1.2342
1.2332
1.2332
1.2307
1.2318
1.2311
1.2311
1.231
1.2323
1.2272
1.2258
1.2223
1.2239
1.2238
1.2282
1.2269
1.2282
1.2281
1.2278
1.2291
1.2283
1.2262
1.2263
1.2264
1.2274
1.2267
1.2248
1.2267
1.2271
1.2269
1.2271
1.2275
1.2267
1.2302
1.2306
1.2302
1.2282
1.2289
1.229
1.2265
1.2259
1.2272
1.2314
1.2316
1.2308
1.2291
1.2306
1.2305
1.2296
1.2315
1.2325
1.2322
1.2315
1.2324
1.2312
1.2318
1.2322
1.2325
1.2346
1.2385
1.2378
1.239
1.2377
1.2397
1.2393
1.2392
1.2405
1.2427
1.2456
1.2458
1.2433
1.2414
1.243
1.2391
1.2425
1.2416
1.2409
1.243
1.245
1.2439
1.247
1.2387
1.2373
1.2363
1.2362
1.2363
1.2361
1.2384
1.2363
1.2369
1.2372
1.2371
1.2378
1.2393
1.2398
1.2378
1.2401
1.2396
1.2405
1.2394
1.2387
1.2383
1.2387
1.2381
1.238
1.2389
1.2387
1.2378
1.239
1.235
1.2364
1.2356
1.2395
1.2381
1.2373
1.2372
1.2386
1.2328
1.2279
1.2269
1.2278
1.2263
1.2273
1.2274
1.2269
1.2278
1.2299
1.2313
1.2299
1.2311
1.2303
1.2313
1.2318
1.2315
1.2323
1.2317
1.2318
1.2285
1.228
1.2289
1.2302
1.2302
1.2286
1.2342
1.2329
1.2329
1.2319
1.2316
1.2315
1.2313
1.2316
1.2317
1.2323
1.2332
1.2346
1.2333
1.2339
1.2331
1.2327
1.2308
1.2288
1.2269
1.2262
1.2252
1.2246
1.2207
1.2194
1.217
1.2214
1.2209
1.222
1.221
1.2207
1.2227
1.2211
1.2215
1.2213
1.2221
1.2224
1.2242
1.2228
1.2252
1.2276
1.2278
1.2239
1.2266
1.2244
1.2234
1.225
1.2224
1.2174
1.2175
1.2188
1.2174
1.2182
1.2174
1.2173
1.2175
1.2205
1.2146
1.212
1.2131
1.2115
1.211
1.2112
1.2094
1.2076
1.2063
1.2062
1.2076
1.2092
1.2117
1.2085
1.2147
1.2127
1.2129
1.211
1.2113
1.2109
1.2114
1.2107
1.2102
1.2102
1.2105
1.2117
1.2131
1.2105
1.2108
1.2124
1.2141
1.2096
1.2111
1.2083
1.211
1.2104
1.2129
1.2076
1.2028
1.2046
1.207
1.2056
1.2013
1.2036
1.2063
1.2053
1.2034
1.1976
1.1979
1.196
1.199
1.1992
1.1984
1.1979
1.1987
1.1985
1.2015
1.2032
1.2045
1.2057
1.2039
1.201
1.1998
1.197
1.197
1.195
1.1955
1.1959
1.1942
1.1939
1.195
1.195
1.1951
1.1938
1.1959
1.197
1.1965
1.1973
1.1946
1.1925
1.1933
1.1972
1.1993
1.1949
1.1933
1.1928
1.1937
1.1923
1.1911
1.1928
1.1951
1.1975
1.1972
1.1963
1.197
1.1964
1.1953
1.1942
1.1924
1.1922
1.1918
1.1923
1.1917
1.1935
1.1939
1.1953
1.1958
1.1929
1.1947
1.1957
1.1949
1.1972
1.1978
1.1949
1.1922
1.1944
1.192
1.1915
1.1897
1.1909
1.1887
1.1907
1.193
1.1937
1.1947
1.1927
1.1938
1.193
1.1967
1.1965
1.1967
1.2006
1.2021
1.1998
1.2034
1.205
1.205
1.2052
1.2167
1.2188
1.2204
1.2192
1.2182
1.2178
1.2178
1.2179
1.2178
1.2181
1.2169
1.2179
1.2173
1.2162
1.2162
1.2157
1.2178
1.2169
1.2176
1.2193
1.2205
1.2253
1.2263
1.2263
1.2248
1.2283
1.2301
1.2293
1.2306
1.2318
1.229
1.2292
1.2284
1.2294
1.2279
1.2251
1.2238
1.225
1.2249
1.2244
1.2238
1.2222
1.2257
1.2205
1.2201
1.2196
1.2182
1.2219
1.2231
1.2258
1.2218
1.223
1.2222
1.2217
1.2208
1.2213
1.2245
1.2252
1.2254
1.2246
1.2234
1.2211
1.2229
1.2236
1.2258
1.2287
1.2276
1.2266
1.2288
1.2219
1.218
1.2164
1.2137
1.2129
1.2142
1.22
1.2241
1.2278
1.2267
1.2256
1.2258
1.2257
1.2256
1.2271
1.2287
1.2309
1.2306
1.2303
1.2308
1.2302
1.2295
1.2276
1.2269
1.2306
1.2317
1.2306
1.2293
1.2297
1.2301
1.2309
1.2288
1.2302
1.2312
1.232
1.2329
1.2313
1.2299
1.2289
1.2276
1.2285
1.227
1.226
1.2278
1.2273
1.2271
1.2294
1.2291
1.2326
1.2369
1.233
1.2359
1.2366
1.2415
1.2411
1.2408
1.2434
1.235
1.235
1.2327
1.2303
1.23
1.2292
1.2319
1.232
1.2367
1.2346
1.2357
1.2362
1.2361
1.2376
1.2375
1.2351
1.2369
1.2265
1.2211
1.2246
1.2264
1.2303
1.2289
1.2255
1.2278
1.2315
1.2284
1.2273
1.2225
1.2216
1.219
1.2199
1.2183
1.2172
1.2161
1.2178
1.2192
1.22
1.2239
1.2232
1.2224
1.2221
1.227
1.2263
1.2315
1.2315
1.232
1.2334
1.2295
1.2285
1.2272
1.2302
1.2296
1.2292
1.2284
1.2311
1.2334
1.2344
1.2372
1.2345
1.2334
1.2313
1.2274
1.2287
1.2279
1.2243
1.2234
1.2207
1.2211
1.2197
1.2194
1.2208
1.2237
1.2275
1.2294
1.2302
1.2292
1.231
1.2315
1.2303
1.2339
1.2348
1.235
1.2372
1.238
1.2398
1.2409
1.2414
1.2405
1.2379
1.2365
1.2383
1.238
1.2383
1.2402
1.2438
1.2468
1.2489
1.2494
1.2512
1.2502
1.2512
1.2506
1.2504
1.2512
1.2534
1.2547
1.2537
1.2563
1.257
1.257
1.2571
1.2585
1.2594
1.2551
1.2575
1.2556
1.2569
1.2572
1.2539
1.2507
1.2511
1.2503
1.25
1.2553
1.2618
1.2629
1.2595
1.2573
1.2567
1.2524
1.2539
1.2484
1.2469
1.2487
1.251
1.2565
1.2493
1.2343
1.237
1.2334
1.2343
1.2357
1.2351
1.2335
1.2362
1.24
1.2421
1.2419
1.2343
1.2352
1.2363
1.2356
1.2329
1.2354
1.2384
1.2387
1.2423
1.2415
1.2386
1.2374
1.2379
1.2341
1.2316
1.2338
1.232
1.2314
1.2212
1.2181
1.2182
1.2179
1.2195
1.2216
1.2194
1.2191
1.2192
1.2203
1.2183
1.2164
1.2145
1.2182
1.2174
1.2202
1.2209
1.2206
1.2264
1.2335
1.2357
1.2374
1.2415
1.2412
1.2426
1.2406
1.241
1.2384
1.2386
1.2385
1.2364
1.2334
1.2335
1.2321
1.2359
1.2343
1.2383
1.2391
1.24
1.2395
1.2383
1.2386
1.2357
1.2321
1.2299
1.2335
1.2368
1.2341
1.2353
1.2312
1.2299
1.2284
1.2271
1.2302
1.2272
1.2292
1.2267
1.227
1.2344
1.2347
1.2359
1.2372
1.2351
1.2342
1.2348
1.2363
1.2358
1.238
1.2385
1.2394
1.2429
1.239
1.2424
1.2443
1.252
1.2479
1.2464
1.2442
1.2485
1.2523
1.2568
1.2531
1.2542
1.2536
1.253
1.2537
1.2525
1.2532
1.2538
1.2523
1.2535
1.2531
1.2564
1.2583
1.258
1.2567
1.2567
1.2549
1.2558
1.2596
1.2585
1.259
1.2581
1.2646
1.267
1.2671
1.2659
1.2648
1.265
1.2651
1.2634
1.2646
1.2632
1.2631
1.2614
1.2627
1.2633
1.262
1.2655
1.2641
1.2681
1.2695
1.267
1.2686
1.2663
1.2697
1.2722
1.2667
1.2638
1.2645
1.2606
1.2635
1.2641
1.2643
1.2629
1.2639
1.2631
1.2634
1.2662
1.2683
1.2694
1.274
1.2744
1.2715
1.2691
1.2729
1.2698
1.2677
1.2679
1.2694
1.2688
1.2748
1.2706
1.2727
1.2736
1.2747
1.2766
1.2782
1.2771
1.2738
1.2779
1.2787
1.2787
1.2787
1.2802
1.28
1.2811
1.2862
1.2838
1.2882
1.293
1.2975
1.2994
1.3034
1.3044
1.3039
1.2976
1.2936
1.2922
1.2946
1.2921
1.2884
1.2847
1.2868
1.2878
1.2939
1.2918
1.2755
1.2731
1.2734
1.2733
1.2707
1.2719
1.2651
1.2683
1.2707
1.2731
1.2786
1.2738
1.2726
1.2716
1.2663
1.2686
1.2695
1.2707
1.2709
1.2649
1.2614
1.2655
1.2627
1.2629
1.262
1.2627
1.2597
1.2673
1.2732
1.2688
1.2711
1.2748
1.271
1.273
1.2784
1.2773
1.2818
1.2796
1.2744
1.2833
1.2826
1.2846
1.2847
1.2833
1.2836
1.2817
1.2814
1.2819
1.2814
1.2821
1.2825
1.286
1.2891
1.2891
1.2866
1.2846
1.2861
1.2926
1.294
1.2972
1.2971
1.2949
1.2994
1.297
1.2952
1.2959
1.2958
1.2956
1.2951
1.2977
1.2966
1.2973
1.2987
1.3004
1.3003
1.3022
1.304
1.3037
1.3033
1.3056
1.3067
1.3095
1.3121
1.313
1.3133
1.3166
1.3175
1.318
1.3208
1.3203
1.3201
1.3208
1.3209
1.3196
1.3199
1.319
1.3195
1.3195
1.3214
1.3194
1.3199
1.3182
1.3175
1.323
1.3235
1.3236
1.3229
1.3236
1.3233
1.3236
1.3225
1.3237
1.3223
1.3215
1.3235
1.3225
1.3263
1.3312
1.3321
1.333
1.3357
1.3348
1.3335
1.3294
1.3313
1.3308
1.3289
1.3273
1.3302
1.3296
1.3316
1.3327
1.3319
1.3316
1.3323
1.3313
1.3293
1.3289
1.3243
1.3247
1.3253
1.3236
1.323
1.3236
1.3251
1.3264
1.3241
1.3233
1.3245
1.3245
1.3248
1.3243
1.3243
1.3243
1.3221
1.3251
1.3261
1.3245
1.3261
1.3243
1.3208
1.322
1.3226
1.3213
1.3214
1.3216
1.3199
1.3192
1.3197
1.3212
1.3205
1.3221
1.3201
1.3186
1.3158
1.3161
1.3129
1.3204
1.3195
1.3259
1.3198
1.3199
1.3184
1.3147
1.3187
1.3179
1.3189
1.3199
1.3216
1.3197
1.3199
1.3168
1.3179
1.3172
1.3162
1.3175
1.3177
1.3208
1.3245
1.3246
1.323
1.3317
1.3301
1.3295
1.3287
1.331
1.332
1.3356
1.3349
1.3365
1.3373
1.3379
1.3381
1.3374
1.3374
1.3377
1.3395
1.3404
1.3393
1.3383
1.3368
1.3343
1.3333
1.334
1.3335
1.3324
1.3315
1.3346
1.3335
1.3319
1.3305
1.3327
1.3362
1.3379
1.3368
1.3368
1.337
1.3376
1.3383
1.3389
1.3362
1.3358
1.3347
1.3348
1.3344
1.3356
1.3384
1.3374
1.3387
1.3382
1.3367
1.336
1.3361
1.3313
1.3287
1.3319
1.3303
1.3316
1.3324
1.327
1.3239
1.324
1.3237
1.3225
1.3222
1.3221
1.323
1.3223
1.3269
1.3287
1.3295
1.3314
1.3314
1.3322
1.3306
1.3298
1.3301
1.3288
1.3323
1.3348
1.334
1.3354
1.3415
1.3415
1.341
1.3394
1.3393
1.3388
1.3383
1.3382
1.3391
1.3388
1.3388
1.3388
1.339
1.3398
1.3403
1.3401
1.3406
1.3382
1.3393
1.3403
1.3386
1.3376
1.3388
1.3437
1.343
1.3435
1.3442
1.3434
1.3403
1.3419
1.3418
1.3424
1.3414
1.3422
1.3437
1.3442
1.3435
1.3443
1.3441
1.3436
1.3434
1.3446
1.3461
1.3471
1.3472
1.3499
1.3509
1.3502
1.3491
1.3479
1.3465
1.3458
1.3483
1.3478
1.3477
1.3474
1.3493
1.3487
1.3487
1.349
1.3489
1.3487
1.3473
1.3469
1.347
1.3458
1.3466
1.3454
1.3433
1.3435
1.3434
1.3435
1.3447
1.3455
1.3446
1.3472
1.3468
1.3463
1.3462
1.3465
1.3467
1.3476
1.349
1.3477
1.3472
1.3471
1.35
1.3503
1.351
1.3496
1.3491
1.3502
1.3487
1.3509
1.3511
1.351
1.3536
1.3528
1.3547
1.3561
1.3535
1.3532
1.353
1.3537
1.3542
1.3543
1.3549
1.3539
1.3566
1.3572
1.358
1.3573
1.358
1.3574
1.3561
1.3569
1.3539
1.3566
1.3558
1.3552
1.3541
1.3537
1.3536
1.3568
1.3594
1.3628
1.3639
1.3636
1.365
1.3648
1.3649
1.3651
1.3658
1.3655
1.3651
1.3653
1.3657
1.3654
1.366
1.3663
1.3666
1.3627
1.3623
1.3637
1.3613
1.3607
1.3644
1.3647
1.3629
1.363
1.3655
1.3656
1.3661
1.3651
1.3648
1.3642
1.3615
1.3615
1.3616
1.3614
1.3587
1.3594
1.359
1.3583
1.3582
1.3562
1.3576
1.3613
1.3588
1.3594
1.3572
1.3583
1.3596
1.3612
1.3587
1.3578
1.3574
1.3585
1.3585
1.3573
1.3587
1.3594
1.3586
1.3591
1.3584
1.3587
1.3581
1.3576
1.3586
1.3608
1.3594
1.3585
1.3579
1.3594
1.3593
1.3629
1.3604
1.3633
1.3662
1.3686
1.3655
1.3646
1.3635
1.3635
1.3658
1.3632
1.3628
1.3658
1.359
1.3563
1.35
1.3494
1.3455
1.3468
1.3466
1.3467
1.3446
1.3438
1.3383
1.3394
1.3404
1.3395
1.3412
1.3408
1.3389
1.335
1.3354
1.3362
1.3356
1.336
1.3361
1.3376
1.3358
1.3361
1.335
1.335
1.3347
1.335
1.336
1.3356
1.3333
1.3327
1.3298
1.3315
1.3309
1.3298
1.3292
1.332
1.3336
1.3328
1.333
1.3326
1.3322
1.3334
1.3331
1.3345
1.3339
1.3344
1.3354
1.3372
1.3372
1.3358
1.3363
1.3343
1.336
1.334
1.335
1.3352
1.3385
1.3389
1.3382
1.3374
1.3363
1.3382
1.339
1.3386
1.3384
1.3375
1.3382
1.3401
1.3394
1.3399
1.3406
1.3394
1.3368
1.3377
1.3377
1.3383
1.3372
1.3368
1.3403
1.341
1.3411
1.3406
1.3412
1.3436
1.3428
1.3418
1.3428
1.3427
1.3434
1.3444
1.3467
1.3488
1.3483
1.3484
1.3479
1.3485
1.3486
1.3509
1.3486
1.3506
1.3525
1.3488
1.3463
1.3473
1.3473
1.3488
1.3483
1.3464
1.3501
1.3507
1.3522
1.352
1.3531
1.3526
1.3495
1.3496
1.3495
1.3498
1.35
1.3502
1.3504
1.3491
1.3486
1.3485
1.3489
1.3488
1.3486
1.3488
1.3515
1.3546
1.3552
1.3547
1.3551
1.3553
1.3565
1.3569
1.3566
1.3568
1.3569
1.3572
1.3572
1.3586
1.3583
1.3585
1.3589
1.3585
1.3571
1.3569
1.3564
1.3569
1.3537
1.3517
1.3497
1.3477
1.3496
1.3505
1.3497
1.3502
1.348
1.3513
1.3504
1.3508
1.3501
1.3507
1.353
1.3526
1.3508
1.3507
1.351
1.3506
1.3509
1.3533
1.3532
1.3526
1.3531
1.3513
1.3497
1.3483
1.3475
1.3465
1.345
1.3434
1.3421
1.3409
1.3411
1.3397
1.3406
1.3403
1.3417
1.3434
1.3424
1.3419
1.3414
1.3415
1.3421
1.341
1.3422
1.341
1.3423
1.3444
1.3467
1.3486
1.3478
1.3475
1.3492
1.3514
1.3522
1.3505
1.349
1.3488
1.3477
1.3475
1.3475
1.349
1.3477
1.3476
1.3482
1.348
1.3464
1.346
1.3439
1.3464
1.3471
1.3447
1.3443
1.3474
1.3476
1.3474
1.3464
1.3499
1.3449
1.3446
1.3433
1.3442
1.3429
1.3421
1.3437
1.3445
1.3448
1.348
1.3473
1.3481
1.3492
1.341
1.3415
1.3401
1.3389
1.3388
1.3398
1.3392
1.3377
1.3376
1.3389
1.3375
1.3376
1.337
1.335
1.3336
1.3347
1.3335
1.3333
1.333
1.3312
1.331
1.3306
1.3272
1.3287
1.3273
1.3282
1.3291
1.3305
1.3343
1.3344
1.3357
1.3325
1.3353
1.3359
1.3361
1.3339
1.3332
1.3319
1.332
1.3298
1.3329
1.3335
1.333
1.3334
1.3336
1.3329
1.3329
1.3323
1.3314
1.3325
1.3337
1.3345
1.3353
1.3347
1.3357
1.3359
1.3353
1.3352
1.3359
1.3375
1.3387
1.3427
1.3431
1.3415
1.345
1.3455
1.3465
1.3466
1.3473
1.3469
1.3491
1.3495
1.3499
1.3501
1.3488
1.3496
1.3517
1.3534
1.3533
1.3513
1.3508
1.3483
1.3506
1.3523
1.3523
1.3511
1.352
1.3532
1.3556
1.3559
1.3554
1.3554
1.3547
1.3567
1.3558
1.3566
1.3558
1.3553
1.3543
1.3558
1.3562
1.3531
1.3523
1.3493
1.3473
1.3503
1.3528
1.3516
1.3543
1.3516
1.3506
1.3504
1.352
1.3514
1.352
1.3519
1.3513
1.3513
1.3519
1.3532
1.3538
1.3541
1.3541
1.353
1.3536
1.3536
1.3544
1.354
1.353
1.3516
1.3538
1.3551
1.3566
1.3572
1.3567
1.3591
1.3617
1.3614
1.3621
1.3621
1.3626
1.362
1.3616
1.3617
1.3612
1.3608
1.3607
1.3608
1.3609
1.362
1.3633
1.3605
1.3603
1.3662
1.3681
1.3666
1.367
1.3686
1.369
1.367
1.3652
1.3683
1.3673
1.3704
1.3718
1.3725
1.3721
1.3724
1.3737
1.3736
1.3735
1.3738
1.374
1.3753
1.3776
1.3763
1.3739
1.3749
1.3754
1.3758
1.3774
1.3789
1.3775
1.3777
1.3795
1.3789
1.3781
1.3786
1.3781
1.377
1.3769
1.3767
1.3768
1.3763
1.3772
1.3766
1.3777
1.3756
1.3728
1.3754
1.3758
1.376
1.3717
1.3719
1.3714
1.3688
1.3695
1.3678
1.3664
1.3683
1.3694
1.3697
1.3693
1.3684
1.3682
1.3673
1.3674
1.3674
1.3676
1.3677
1.3673
1.3672
1.3671
1.3655
1.3651
1.3685
1.3703
1.3718
1.3719
1.3704
1.3707
1.3734
1.3737
1.3752
1.3738
1.3736
1.3733
1.3739
1.3738
1.3751
1.3774
1.376
1.3765
1.3778
1.3781
1.3782
1.3769
1.3762
1.3758
1.3757
1.3756
1.3753
1.3757
1.375
1.3758
1.3769
1.3775
1.3776
1.3759
1.3721
1.3698
1.3707
1.3695
1.3693
1.3691
1.368
1.3676
1.3681
1.3685
1.3677
1.3681
1.3681
1.3672
1.3666
1.367
1.3673
1.3675
1.3637
1.3647
1.3663
1.3652
1.3653
1.3655
1.3656
1.3634
1.3637
1.3643
1.3641
1.3631
1.3642
1.3642
1.3631
1.3644
1.3656
1.3657
1.3651
1.3652
1.3643
1.3649
1.3657
1.3664
1.3615
1.3616
1.3608
1.3615
1.3583
1.3583
1.3569
1.3557
1.3583
1.3599
1.36
1.3599
1.3596
1.3595
1.3596
1.3606
1.3602
1.3602
1.3599
1.359
1.3599
1.3604
1.3586
1.3582
1.3577
1.3552
1.3565
1.356
1.357
1.3595
1.3597
1.3619
1.3606
1.3618
1.3619
1.3632
1.3613
1.3617
1.3623
1.3619
1.3628
1.3634
1.3631
1.3632
1.3629
1.3639
1.3613
1.3653
1.3674
1.3665
1.3668
1.3647
1.3647
1.3663
1.3667
1.3686
1.3677
1.3677
1.3679
1.368
1.3683
1.3672
1.3657
1.3637
1.3644
1.3633
1.3631
1.3627
1.3626
1.3621
1.3624
1.3613
1.361
1.3607
1.3608
1.3567
1.3559
1.3581
1.3586
1.3589
1.3591
1.3595
1.3591
1.3584
1.3592
1.3591
1.3592
1.3592
1.3583
1.3583
1.3582
1.358
1.3581
1.3591
1.3577
1.3562
1.3584
1.3571
1.3607
1.3637
1.3681
1.3683
1.3679
1.3674
1.3649
1.3666
1.3639
1.3654
1.3678
1.3682
1.3684
1.3694
1.3705
1.3692
1.37
1.3695
1.3697
1.3696
1.3699
1.3721
1.3715
1.3731
1.3691
1.3652
1.3655
1.3623
1.3647
1.3623
1.3635
1.3627
1.3623
1.3628
1.3639
1.3637
1.3634
1.3638
1.3639
1.3621
1.362
1.3608
1.3615
1.3609
1.36
1.3615
1.3594
1.3563
1.3559
1.3546
1.3587
1.3562
1.3538
1.3529
1.3486
1.3485
1.3528
1.3517
1.3535
1.3534
1.3526
1.3539
1.3529
1.3535
1.3561
1.3569
1.356
1.3559
1.3575
1.3558
1.3537
1.3515
1.3478
1.3509
1.3532
1.3507
1.3543
1.3594
1.3638
1.3633
1.3624
1.3598
1.3616
1.3605
1.3612
1.3605
1.3616
1.3635
1.3639
1.3621
1.3624
1.3652
1.366
1.3631
1.3616
1.3621
1.3626
1.3601
1.3659
1.3649
1.3586
1.3581
1.3581
1.3586
1.3607
1.3596
1.3572
1.3562
1.3576
1.3594
1.3585
1.3584
1.3577
1.3588
1.3547
1.3536
1.3539
1.3548
1.3557
1.3544
1.3564
1.3524
1.3475
1.3523
1.3503
1.3478
1.3486
1.3496
1.35
1.349
1.3489
1.3481
1.3474
1.3464
1.3472
1.3477
1.3482
1.3499
1.3513
1.3543
1.3538
1.3538
1.3534
1.3527
1.3547
1.3547
1.3575
1.3606
1.3569
1.3548
1.3549
1.3554
1.3557
1.3534
1.3527
1.3529
1.3537
1.3548
1.354
1.3544
1.354
1.354
1.3516
1.3524
1.3513
1.3507
1.3502
1.3523
1.3523
1.3521
1.3537
1.3569
1.3562
1.357
1.358
1.3561
1.36
1.3636
1.3687
1.3679
1.3627
1.3632
1.3626
1.3616
1.3612
1.3597
1.3602
1.3606
1.3602
1.3596
1.3601
1.3607
1.3588
1.3593
1.3589
1.3589
1.3609
1.3613
1.3614
1.3599
1.3607
1.3612
1.3598
1.3635
1.3619
1.3628
1.3639
1.3652
1.3647
1.3646
1.3629
1.363
1.3614
1.3637
1.3628
1.3635
1.3613
1.3594
1.3595
1.3584
1.3574
1.3537
1.3511
1.3506
1.3512
1.3518
1.3497
1.3494
1.3493
1.3495
1.3476
1.3469
1.3475
1.3483
1.3483
1.3485
1.3472
1.3491
1.3467
1.3493
1.3527
1.3613
1.3615
1.3617
1.3594
1.3562
1.3626
1.363
1.3575
1.3579
1.3563
1.3582
1.3573
1.3559
1.3544
1.3592
1.3575
1.3569
1.3577
1.3563
1.3565
1.3575
1.3608
1.3599
1.3607
1.3607
1.3617
1.3617
1.3616
1.3622
1.3655
1.3698
1.3709
1.3732
1.3732
1.3727
1.3747
1.3773
1.3774
1.3752
1.3769
1.3779
1.3767
1.3767
1.3761
1.3767
1.3762
1.3759
1.377
1.3769
1.3757
1.3765
1.3755
1.3741
1.3701
1.3659
1.3669
1.3635
1.3651
1.3645
1.3647
1.3666
1.3649
1.3653
1.3645
1.3643
1.3625
1.3623
1.3623
1.3607
1.3598
1.3599
1.3598
1.3601
1.3599
1.3599
1.3608
1.3606
1.3596
1.3594
1.3609
1.361
1.3627
1.362
1.3611
1.3594
1.3611
1.3591
1.3595
1.3609
1.3614
1.3614
1.3616
1.3624
1.3623
1.3616
1.3625
1.3609
1.3611
1.3632
1.3618
1.3617
1.3606
1.3632
1.3624
1.3611
1.3618
1.359
1.3561
1.3549
1.356
1.3569
1.3627
1.3636
1.3683
1.3671
1.3669
1.3673
1.3665
1.3678
1.3663
1.3687
1.3689
1.3693
1.3683
1.3688
1.3678
1.3679
1.3638
1.3606
1.3653
1.3699
1.3729
1.3739
1.3752
1.3749
1.3762
1.3771
1.3776
1.3785
1.3792
1.3785
1.3784
1.3777
1.3768
1.3748
1.3735
1.3737
1.373
1.3737
1.3733
1.3739
1.3722
1.3698
1.3736
1.3744
1.3747
1.3786
1.3793
1.3778
1.376
1.3765
1.3769
1.3744
1.3754
1.3758
1.3767
1.3787
1.3793
1.3781
1.3795
1.3797
1.3779
1.3774
1.3776
1.3786
1.3794
1.3737
1.3744
1.3747
1.3767
1.3712
1.3715
1.373
1.3717
1.373
1.3725
1.3699
1.3693
1.3683
1.3673
1.3673
1.3653
1.3655
1.3656
1.3649
1.3659
1.3673
1.3677
1.3694
1.3698
1.37
1.3659
1.3674
1.3679
1.366
1.3694
1.3693
1.3701
1.3663
1.363
1.3641
1.3646
1.364
1.3633
1.3644
1.3658
1.3643
1.3657
1.3659
1.3701
1.3697
1.3678
1.3665
1.3635
1.3588
1.3632
1.3607
1.367
1.3671
1.3731
1.3693
1.3706
1.3686
1.3675
1.3693
1.3687
1.3717
1.3706
1.3711
1.3715
1.3714
1.3692
1.3704
1.3742
1.3729
1.3723
1.3741
1.3747
1.3757
1.3758
1.3759
1.378
1.3805
1.3823
1.3846
1.3843
1.385
1.3843
1.385
1.3856
1.3876
1.3889
1.3889
1.3884
1.3889
1.3883
1.3882
1.3898
1.3892
1.3893
1.3898
1.3904
1.3907
1.3911
1.3906
1.3915
1.3952
1.3942
1.3993
1.4008
1.3996
1.4011
1.4005
1.3977
1.3971
1.3969
1.3955
1.3964
1.3958
1.3963
1.3966
1.3976
1.3967
1.3964
1.3965
1.3966
1.3967
1.3958
1.3954
1.3952
1.3951
1.3937
1.3937
1.3949
1.3938
1.3933
1.3919
1.3935
1.3935
1.3922
1.3916
1.3897
1.3909
1.391
1.3926
1.3921
1.3933
1.3931
1.3932
1.3921
1.3917
1.3914
1.3904
1.3896
1.3924
1.3913
1.3911
1.3898
1.3899
1.3914
1.3894
1.3883
1.3884
1.3879
1.3881
1.3866
1.3864
1.3866
1.3872
1.3876
1.3863
1.3863
1.3857
1.3863
1.3863
1.3864
1.3866
1.3882
1.3889
1.3869
1.3899
1.3915
1.3951
1.3961
1.3963
1.3964
1.3966
1.3978
1.3963
1.3952
1.393
1.3931
1.3954
1.3939
1.3939
1.3932
1.3963
1.3962
1.3971
1.3971
1.3977
1.3977
1.3974
1.3982
1.3961
1.3973
1.3991
1.4012
1.3995
1.4
1.4029
1.404
1.4037
1.4015
1.4014
1.4013
1.4019
1.4007
1.398
1.4004
1.4029
1.4034
1.4024
1.4021
1.4034
1.4038
1.4041
1.4052
1.4041
1.4049
1.4048
1.4079
1.4077
1.4058
1.4057
1.4029
1.4057
1.4065
1.4067
1.4076
1.4073
1.4077
1.4093
1.407
1.4082
1.4079
1.4072
1.4079
1.4085
1.4097
1.4103
1.4083
1.4057
1.4055
1.4077
1.4087
1.4081
1.4099
1.4097
1.4088
1.4091
1.409
1.408
1.4092
1.4115
1.4141
1.4171
1.4166
1.4147
1.4148
1.4151
1.4154
1.4152
1.4147
1.415
1.4146
1.4156
1.4153
1.4144
1.4156
1.4173
1.4191
1.415
1.4152
1.4151
1.416
1.4161
1.4167
1.4155
1.4166
1.4155
1.4148
1.4154
1.4151
1.4157
1.4164
1.4165
1.4139
1.4141
1.4136
1.415
1.4154
1.4153
1.4128
1.4115
1.4107
1.4117
1.4112
1.4143
1.4161
1.4139
1.415
1.412
1.4127
1.4123
1.4123
1.4133
1.4134
1.4107
1.4099
1.4085
1.4084
1.4094
1.4104
1.4117
1.4101
1.4105
1.4054
1.4096
1.4076
1.4071
1.4064
1.4039
1.4056
1.4079
1.4089
1.4114
1.4093
1.4096
1.4092
1.4082
1.4112
1.4118
1.4113
1.4108
1.4106
1.4103
1.4107
1.4103
1.4115
1.4092
1.4116
1.4133
1.4138
1.414
1.415
1.4178
1.4185
1.42
1.4194
1.4206
1.4188
1.4212
1.4215
1.4217
1.4215
1.4288
1.4281
1.4287
1.4288
1.4302
1.4292
1.429
1.4294
1.4268
1.4282
1.4293
1.4285
1.4272
1.4299
1.4312
1.4354
1.4398
1.4405
1.4394
1.439
1.4394
1.4397
1.4391
1.4404
1.4402
1.4404
1.4388
1.4384
1.438
1.4391
1.4394
1.4396
1.4391
1.4384
1.4387
1.4377
1.4374
1.4382
1.4379
1.4375
1.4375
1.4383
1.4386
1.4375
1.4375
1.4367
1.4357
1.4343
1.4344
1.4369
1.4348
1.4356
1.4361
1.435
1.4387
1.4379
1.4356
1.4376
1.4382
1.4376
1.4369
1.4386
1.4375
1.4382
1.4386
1.4386
1.4415
1.4409
1.4413
1.4427
1.4434
1.4418
1.4429
1.4427
1.4439
1.4475
1.45
1.4499
1.4499
1.4499
1.4503
1.4511
1.4493
1.4478
1.4474
1.4473
1.4508
1.4487
1.4491
1.4505
1.4506
1.4521
1.4533
1.4541
1.4552
1.4532
1.4538
1.4546
1.4537
1.4533
1.4523
1.45
1.451
1.4509
1.4512
1.4505
1.4505
1.4491
1.4509
1.4552
1.4573
1.4564
1.4546
1.4516
1.4501
1.4483
1.4484
1.4503
1.4486
1.449
1.448
1.4474
1.4477
1.4469
1.4477
1.4493
1.4486
1.449
1.4498
1.4498
1.4507
1.4522
1.4539
1.4509
1.4467
1.45
1.448
1.4505
1.4491
1.4484
1.4505
1.45
1.4495
1.4483
1.4473
1.4489
1.4491
1.4489
1.4508
1.4514
1.4513
1.452
1.452
1.453
1.4509
1.4534
1.4548
1.4514
1.4531
1.4523
1.453
1.4526
1.4521
1.4519
1.4488
1.4489
1.4518
1.4498
1.4522
1.451
1.4481
1.4484
1.4464
1.4412
1.4429
1.4438
1.4434
1.4409
1.4417
1.4415
1.4423
1.4393
1.4356
1.4325
1.4356
1.4403
1.4288
1.4303
1.4303
1.4323
1.433
1.4319
1.4311
1.4293
1.4313
1.4314
1.4309
1.4312
1.4317
1.4317
1.4305
1.4308
1.4323
1.4327
1.4309
1.4325
1.4313
1.4327
1.4319
1.4333
1.4319
1.4335
1.435
1.4354
1.4363
1.4387
1.4368
1.4391
1.44
1.4406
1.4405
1.4425
1.4424
1.4402
1.4401
1.4408
1.4413
1.4409
1.4398
1.4405
1.4403
1.4388
1.4354
1.4359
1.4357
1.4349
1.4376
1.4379
1.4352
1.4329
1.4311
1.4356
1.4355
1.4355
1.4357
1.4368
1.4347
1.4365
1.4362
1.4365
1.4368
1.437
1.4363
1.4391
1.4401
1.4417
1.4404
1.4426
1.4438
1.4417
1.4418
1.4432
1.4419
1.4452
1.4475
1.4463
1.4427
1.4423
1.4415
1.442
1.4419
1.4425
1.4411
1.4413
1.4412
1.4411
1.4412
1.4415
1.4418
1.4439
1.4425
1.4423
1.4397
1.4389
1.4375
1.4394
1.4337
1.4304
1.4296
1.4301
1.429
1.4285
1.4295
1.4271
1.4289
1.4316
1.4326
1.4303
1.4308
1.4324
1.4328
1.4321
1.4315
1.4324
1.4327
1.433
1.4332
1.4347
1.437
1.44
1.4409
1.4398
1.4404
1.44
1.4413
1.4411
1.444
1.4371
1.4372
1.4364
1.4369
1.437
1.4354
1.4342
1.4338
1.4339
1.4336
1.4334
1.4338
1.4339
1.4316
1.4301
1.4298
1.4323
1.434
1.4327
1.4358
1.4351
1.4346
1.4355
1.4341
1.4325
1.4318
1.4317
1.4311
1.4317
1.4324
1.4341
1.4351
1.4354
1.435
1.4352
1.4361
1.4346
1.4355
1.4406
1.4427
1.4436
1.4449
1.4443
1.4417
1.4428
1.4435
1.4416
1.4381
1.4372
1.4374
1.4357
1.436
1.4364
1.4363
1.4373
1.4374
1.4378
1.4378
1.4384
1.4392
1.4384
1.4391
1.4389
1.4396
1.4401
1.4409
1.4406
1.4394
1.439
1.439
1.4381
1.439
1.4391
1.4377
1.4391
1.4396
1.4387
1.436
1.4376
1.4373
1.4389
1.4396
1.4391
1.4411
1.4403
1.4419
1.4417
1.4416
1.4428
1.442
1.4399
1.4395
1.4385
1.4372
1.4368
1.4373
1.4367
1.4372
1.436
1.4381
1.4379
1.438
1.4373
1.437
1.4358
1.4355
1.4366
1.4357
1.4366
1.4385
1.4407
1.4404
1.4406
1.4384
1.4358
1.4365
1.4359
1.4345
1.4337
1.434
1.4353
1.4343
1.4335
1.4336
1.4329
1.4337
1.4325
1.4335
1.4349
1.4351
1.434
1.4333
1.4279
1.4282
1.4281
1.425
1.4256
1.4247
1.4256
1.4256
1.4255
1.4254
1.4249
1.4259
1.4253
1.4273
1.4257
1.4254
1.4254
1.4249
1.4252
1.4254
1.4271
1.4275
1.4243
1.4231
1.4283
1.431
1.4273
1.4282
1.4309
1.4316
1.4322
1.4307
1.4294
1.4295
1.4294
1.4292
1.4295
1.4293
1.4291
1.4286
1.4275
1.4275
1.4286
1.4289
1.4295
1.4312
1.4319
1.4313
1.4333
1.4355
1.4359
1.4343
1.4339
1.4322
1.4292
1.4324
1.4335
1.4337
1.435
1.4353
1.4344
1.4321
1.4326
1.4331
1.4312
1.431
1.4297
1.4327
1.4338
1.4335
1.4321
1.4305
1.4313
1.428
1.4275
1.4349
1.4318
1.4336
1.4367
1.4389
1.44
1.4394
1.4382
1.4375
1.4382
1.4394
1.4392
1.438
1.4361
1.4345
1.4344
1.435
1.4338
1.4341
1.4351
1.4342
1.4334
1.4316
1.4347
1.4356
1.4348
1.4353
1.4357
1.4343
1.4367
1.4395
1.4404
1.4414
1.4396
1.439
1.442
1.4432
1.4469
1.4524
1.4525
1.453
1.4531
1.4533
1.4516
1.4541
1.4537
1.4575
1.4579
1.4577
1.4549
1.4564
1.4569
1.4552
1.4556
1.4548
1.4519
1.4551
1.4533
1.4538
1.4531
1.4546
1.4545
1.4538
1.4541
1.4537
1.4538
1.4536
1.4527
1.4522
1.4521
1.4513
1.4556
1.4546
1.454
1.4531
1.4547
1.4548
1.4542
1.4567
1.4611
1.4634
1.4638
1.4654
1.465
1.4649
1.4653
1.4652
1.4657
1.4651
1.4656
1.4653
1.4648
1.465
1.4658
1.4645
1.4653
1.4645
1.4631
1.4639
1.4631
1.4626
1.4667
1.4663
1.4675
1.4664
1.4677
1.466
1.4625
1.4636
1.4638
1.4625
1.4624
1.4613
1.4626
1.4628
1.463
1.4615
1.4629
1.4617
1.4616
1.4625
1.46
1.4621
1.4654
1.4708
1.4763
1.4765
1.4756
1.4754
1.474
1.4723
1.4723
1.4738
1.4726
1.4727
1.4721
1.4723
1.4732
1.473
1.4732
1.4732
1.4731
1.4719
1.4716
1.4709
1.4715
1.4721
1.4743
1.474
1.4729
1.4738
1.4741
1.4713
1.4719
1.4705
1.4721
1.4702
1.4712
1.473
1.4737
1.4736
1.4741
1.4736